2 392712621
5 442407028
5 712676212
7 297241726
28 565866886
9 166566516
7 865826206
5 414586306
6 716118757
5 231215421
3 696500077
3 583643771
2 392516252
1 762256824
1 716646345
1 631431046
4 398768266
2 631283182
18 392746060
1 824238334
2 397618418
3 267505842
12 281685640
5 212763810
9 716573357
0 716481028
4 796823702
1 394301623
2 361206275
2 431546527
2 394535174
1 138100078
3 113207278
3 375480805
2 565758448
2 714346720
2 715704877
1 881157107
5 473177057
5 412410573
4 478630720
4 867323353
1 767445223
1 688861311
3 477337448
5 418861311
4 221623208
4 165555618
1 614761384
5 682503335
1 646830328
1 713544421
2 874533786
5 528208481
2 173583677
8 622713308
5 391505271
9 424408282
3 783426333
7 385641234
4 472184487
8 432752572
6 134771866
5 718243750
3 284424535
2 661836544
8 822587003
4 268587300
5 734468211
2 263134032
5 712272350
9 713563064
1 682524752
1 484566325
